"N1" <- 30
"Y2" <- structure(c(4.167337884443252, 0.25080243834311167, -6.652902014170387, -4.868708633479423, -0.3636196202922499, -0.11466658150805231, 3.693214556243078, -4.130260503821058, 3.020185937529591, -0.6941638548271398, -2.869702750156373, 5.036707169995182, -1.3482807748662875, 1.1630888971420228, 0.4466182542045426, 13.216943167295211, 2.2707446535509668, 3.8600642755855366, 4.098441435512503, 1.8823844029137407), .Dim=c(20))
"Y1" <- structure(c(0.6899815878468458, -9.183186603845717, 2.6973610291037775, -6.622330321210712, -3.4001616956860485, -4.325170900145718, -5.879284794422346, -1.335652629811953, 2.0306578376241773, 3.7163302641029112, -2.5143470298486372, -4.233090906241108, 5.279580321661378, -2.5530783638213697, 1.1559232880565966, 2.987836925837844, 8.199456748697187, -1.8469149792324582, 6.248516700558323, 3.659522659281009, -5.235205490569131, 1.1440373108353403, 2.6008758674828942, -0.9292415544077253, 8.336301870823078, -0.08573883083945322, 2.09404413998309, 7.806560006548679, 3.4485129946326176, -7.570828400647006), .Dim=c(30))
"N2" <- 20
